2895
5646
6539
8129
8550
9050
9512
9767
15074
19076
23151
27305
27687
31652
33836
34647
36050
36556
36976
38923
42571
44145
45499
46724
47925
49748
59683
59764
60201
60759
65805
69817
76764
77674
80459
82114
83533
89918
89984
90755
93550
95278
101890
102278
103350
103419
105809
115393
118272
125027
128897
129055
130214
130451
130582
132903
133775
135338
137151
142556
143452
143949
144511
145689
146251
147128
148381
151501
154264
155094
155506
157163
159610
160610
162016
162631
167873
171112
171626
171862
177720
178955
179652
180306
184027
184752
186195
187121
190240
190629
193578
194974
195171
198530
199632
201995
202066
202379
203354
214918
215560
216657
217112
217710
218863
219103
219570
220227
228313
228993
232391
232649
236243
236337
242849
244740
246032
249796
250298
251324
252151
255483
257323
259159
259732
259997
260277
261818
265022
265154
267194
268148
270852
272775
273160
273254
276055
276518
277497
278095
278135
278820
280440
281033
282118
285605
288025
288363
290156
291220
292151
296070
297416
299320
300591
307612
308001
308396
308593
308931
313848
315547
315929
316700
318550
320446
322993
326834
329951
330629
335064
335110
337571
338949
340972
341492
342551
342872
343387
345642
354070
354716
355363
357463
357481
357887
359280
363556
368077
374409
376491
379378
383597
384103
384297
385433
388689
390747
392681
395913
396433
397142
398157
399386
404614
409206
412356
413833
414292
414562
414931
415965
416757
417126
418072
421076
423164
427803
428877
431148
431842
437314
437719
438102
438330
438944
443118
444209
444892
445537
449304
450715
461515
462834
469079
469655
470906
474379
475222
475774
478869
483600
485261
486394
487692
488515
490487
496853
499636
499998
